place(12.553, 0.974, -24.012, "Scout", 250)
place(15.681, 0.978, -24.016, "Scout", 250)
place(18.808, 0.982, -24.016, "Scout", 250)
place(17.315, 0.982, -26.689, "Scout", 250)
place(14.140, 0.978, -26.741, "Scout", 250)
place(21.872, 0.986, -24.097, "Scout", 250)
place(20.332, 0.986, -26.822, "Scout", 250)
place(9.454, 0.969, -23.949, "Scout", 250)
place(6.403, 0.965, -23.965, "Scout", 250)
place(10.894, 0.973, -26.673, "Scout", 250)
place(7.809, 0.969, -26.706, "Scout", 250)
place(9.398, 0.973, -29.325, "Scout", 250)
place(6.273, 0.969, -29.322, "Scout", 250)
place(12.452, 0.978, -29.299, "Scout", 250)
place(15.824, 0.982, -29.357, "Scout", 250)

upgrade(21.872, 2.387, -24.097, 150)
upgrade(21.872, 2.387, -24.097, 500)
upgrade(20.332, 2.387, -26.822, 150)
upgrade(20.332, 2.387, -26.822, 500)
upgrade(18.808, 2.387, -24.016, 150)
upgrade(18.808, 2.387, -24.016, 500)
upgrade(17.315, 2.387, -26.689, 150)
upgrade(17.315, 2.387, -26.689, 500)
upgrade(15.824, 2.387, -29.357, 150)
upgrade(15.824, 2.387, -29.357, 500)
upgrade(15.681, 2.387, -24.016, 150)
upgrade(15.681, 2.387, -24.016, 500)
upgrade(14.140, 2.387, -26.741, 150)
upgrade(14.140, 2.387, -26.741, 500)
upgrade(12.452, 2.387, -29.299, 150)
upgrade(12.452, 2.387, -29.299, 500)
upgrade(12.553, 2.387, -24.012, 150)
upgrade(12.553, 2.387, -24.012, 500)
upgrade(10.894, 2.387, -26.673, 150)
upgrade(10.894, 2.387, -26.673, 500)
upgrade(9.398, 2.387, -29.325, 150)
upgrade(9.398, 2.387, -29.325, 500)
upgrade(6.273, 2.387, -29.322, 150)
upgrade(6.273, 2.387, -29.322, 500)
upgrade(7.809, 2.387, -26.706, 150)
upgrade(7.809, 2.387, -26.706, 500)
upgrade(6.403, 2.387, -23.965, 150)
upgrade(6.403, 2.387, -23.965, 500)
upgrade(9.454, 2.387, -23.949, 150)
upgrade(9.454, 2.387, -23.949, 500)

place(9.233, 0.965, -19.034, "DJ Booth", 1200)
upgrade(9.233, 2.387, -19.034, 300)
upgrade(9.233, 2.387, -19.034, 1250)
upgrade(9.233, 2.387, -19.034, 3000)
setTower("Track", "Green", 9.233, 2.387, -19.034, 90)

upgrade(21.872, 2.387, -24.097, 2292)
upgrade(18.808, 2.387, -24.016, 2292)
upgrade(15.681, 2.387, -24.016, 2292)
upgrade(20.332, 2.387, -26.822, 2292)
upgrade(17.315, 2.387, -26.689, 2292)
upgrade(12.553, 2.387, -24.012, 2292)
upgrade(14.140, 2.387, -26.741, 2292)
upgrade(15.824, 2.387, -29.357, 2292)
upgrade(9.454, 2.387, -23.949, 2292)
upgrade(6.403, 2.387, -23.965, 2192)
upgrade(10.894, 2.387, -26.673, 2192)
upgrade(7.809, 2.387, -26.706, 2192)
upgrade(12.452, 2.387, -29.299, 2192)
upgrade(9.398, 2.387, -29.325, 2192)
upgrade(6.273, 2.387, -29.322, 2192)

place(11.381, 3.978, -9.012, "Ranger", 4500)
place(13.968, 4.390, -7.068, "Ranger", 4500)
place(8.553, 4.166, -8.006, "Ranger", 4500)
place(10.961, 4.499, -6.009, "Ranger", 4500)
place(5.544, 4.527, -6.967, "Ranger", 4500)
place(8.076, 4.565, -4.762, "Ranger", 4500)
place(3.112, 4.928, -5.197, "Ranger", 4500)

upgrade(3.112, 6.378, -5.197, 1350)
upgrade(3.112, 6.378, -5.197, 4050)
upgrade(5.544, 6.877, -6.967, 1350)
upgrade(5.544, 6.877, -6.967, 4050)
upgrade(8.076, 6.912, -4.762, 1350)
upgrade(8.076, 6.912, -4.762, 4050)
upgrade(8.553, 6.666, -8.006, 1350)
upgrade(8.553, 6.666, -8.006, 4050)
upgrade(10.961, 6.509, -6.009, 1350)
upgrade(10.961, 6.509, -6.009, 4050)
upgrade(11.381, 6.990, -9.012, 1350)
upgrade(11.381, 6.990, -9.012, 4050)
upgrade(13.968, 6.918, -7.068, 1350)
upgrade(13.968, 6.918, -7.068, 4050)

upgrade(9.233, 2.387, -19.034, 8000)
upgrade(9.233, 2.387, -19.034, 20000)

upgrade(21.872, 2.387, -24.097, 4675)
upgrade(20.332, 2.387, -26.822, 4675)
upgrade(18.808, 2.387, -24.016, 4675)
upgrade(17.315, 2.387, -26.689, 4675)
upgrade(15.824, 2.387, -29.357, 4675)
upgrade(15.681, 2.387, -24.016, 4675)
upgrade(14.140, 2.387, -26.741, 4675)
upgrade(12.452, 2.387, -29.299, 4675)
upgrade(12.553, 2.387, -24.012, 4675)
upgrade(9.454, 2.387, -23.949, 4675)
upgrade(6.403, 2.387, -23.965, 4675)
upgrade(7.809, 2.387, -26.706, 4675)
upgrade(10.894, 2.387, -26.673, 4675)
upgrade(9.398, 2.387, -29.325, 4675)
upgrade(6.273, 2.387, -29.322, 4675)

upgrade(3.112, 6.378, -5.197, 12475)
upgrade(5.544, 6.877, -6.967, 12475)
upgrade(8.076, 6.912, -4.762, 12475)
upgrade(8.553, 6.666, -8.006, 12475)
upgrade(10.961, 6.509, -6.009, 12475)
upgrade(11.381, 6.990, -9.012, 12475)
upgrade(13.968, 6.918, -7.068, 12475)

place(15.031, 0.957, -10.048, "Accelerator", 4500)
place(17.402, 0.975, -7.768, "Accelerator", 4500)
place(17.978, 0.968, -10.741, "Accelerator", 4500)

setTarget("Last", 17.978, -10.741, 320)
setTarget("Last", 15.031, -10.048, 320)
setTarget("Last", 17.402, -7.768, 320)

upgrade(17.402, 2.387, -7.768, 850)
upgrade(17.402, 2.387, -7.768, 2125)
upgrade(17.402, 2.387, -7.768, 4037)
upgrade(17.402, 2.387, -7.768, 9562)
upgrade(17.402, 2.387, -7.768, 30600)

upgrade(17.978, 2.387, -10.741, 850)
upgrade(17.978, 2.387, -10.741, 2125)
upgrade(17.978, 2.387, -10.741, 4037)
upgrade(17.978, 2.387, -10.741, 9562)
upgrade(17.978, 2.387, -10.741, 30600)

upgrade(15.031, 2.387, -10.048, 850)
upgrade(15.031, 2.387, -10.048, 2125)
upgrade(15.031, 2.387, -10.048, 4037)
upgrade(15.031, 2.387, -10.048, 9562)
upgrade(15.031, 2.387, -10.048, 30600)
